标题,价格(元),所在地,想要人数,商品URL
二手已消毒讲述一个故事有五百万种方式  创意写作的七堂课柴春芽 【 关于商品质量】✅ 正版二手，可凭书单购买✅成色8.5新左右，会择优发货，二手书不包光盘、小册子、激活码、印次等✅二手书籍基本都有使用痕迹，默认带少部分笔记或划线（不影响阅读），完美追求者建议购买新书✅套装书籍默认价格为单本价格哦！请悉知！【关于库存和发货物流】✅ 收藏宝贝，关注店铺，可以优先发货哦~~✅ 偏远地区不包邮(新疆西藏等)，详情具体咨询客服✅ 多个仓库，择优发货，根据库存及所在地，快递无法指定~✅不接急单，不接顺丰，不接同城次日达订单，付款后正常24小时内都会发货，最迟不超48小时，特殊情况除外【关于其他服务】✅ 收到书出现质量问题，如：缺页、少页、大面积发霉，大面积破损等情况，请及时联系客服，会积极处理~✅ 书籍发出后，非以上质量问题取消，需要承担来回运费，二手书只为清仓回笼资金无利润，谢谢~点【我想要】即可联系客服了解图书详情，或者直接点【我想要】—【立即购买】自主下单书名：讲述一个故事有五百万种方式  创意写作的七堂课作者：'柴春芽著'ISBN：9787307195004出版社：武汉大学出版社出版时间：2017-09-01定价：38.00装帧：平装开本：32开字数：0页数：200,16.76,江苏,33,https://www.goofish.com/item?id=963401587787&categoryId=201459411
润笙春芽舞蹈服长袖款160，适合130-140的宝贝穿着 感兴趣的话点“我想要”和我私聊吧～,25.0,山东,0,https://www.goofish.com/item?id=899146477758&categoryId=201452619
七宗罪之嫉妒（春芽手作手染线）国80 72元不包，图二为色卡示例，宝贝如图1,72.0,北京,0,https://www.goofish.com/item?id=959444748074&categoryId=126920152
全新春芽宝贝 一套12册68元 《春芽宝贝》儿童口腔健康漫画绘本  教会孩子如何爱护自己的牙齿,68.0,江苏,99,https://www.goofish.com/item?id=737254881163&categoryId=127832004
乐蒂太空舱儿童安全座椅，春芽绿色，9.9999全新，只在车上 安装过一次，没有使用痕迹！孩子不做就拆卸下来了。0-12岁全年龄段可用，带遮阳棚防侧撞，360度旋转，抗菌防螨面料，正反向安装都可以，宝宝坐着特别舒服！主要颜值还高！！！,585.0,吉林,0,https://www.goofish.com/item?id=957592574563&categoryId=126864817
inss音过春天系列盲盒 春之音  65树影间  75春芽生  85可小刀拆盒已拆袋，仅查看，卡盒齐全购买前请阅读① 主页所有宝贝满50元包邮非偏远，不足包邮的，运费请自理。②收货后务必拍连贯开箱视频，否则不处理。③售出后不退不换，不包官瑕，不到手刀，不包盒损，不包运损，快递途中造成损坏，请自行找快递公司赔偿！接受再下单，下单后默认接受。已经很便宜，亏血出，彼此理解。,70.0,陕西,7,https://www.goofish.com/item?id=951726267929&categoryId=201559511
coolbaby折叠婴儿床，春芽绿升级款，几乎全新。 带折叠床垫、置物篮、固定带、玩具架、摇摆杆，配件齐全。可移动便携，带滑轮设计，适合新生儿使用。成色几乎全新，收纳方便。感兴趣的朋友可以联系我哦～,152.28,湖南,0,https://www.goofish.com/item?id=963948279114&categoryId=126866728
台湾的品牌NOSEWAY 半夕之间 慢煮茶 春芽入喉時 淺吻桃  其他味道也可以买滴 可以私信我上架喔~~ 大概要等15天能到 标价就是价钱 给你发顺丰包邮 可以直接拍下喔 然后我再下单 会给你提供购买凭证截图的 最后最后 没有赠品喔宝贝们  只保证会有这支100...,899.0,澳门,14,https://www.goofish.com/item?id=842491450120&categoryId=126860278
定制春芽木家具都是烘干料 加工各种产品代加工成椅子 桌子 凳子  可作干泡台、茶桌面、摄影背景板、置物隔板、花架、墙上悬挂装饰等等  可切割、打眼、制作各种繁琐加工  宝贝运费沟通、售前多沟通，售后不退不换,100.0,山东,0,https://www.goofish.com/item?id=951034140775&categoryId=201451211
inss音过春天系列盲盒 森间信松鼠：55 春之音小鹿：65 春芽生粉兔：已出 树影间考拉:75 拆盒拆袋，卡盒齐全  购买前请阅读  ① 主页所有宝贝满50元包邮非偏远，不足包邮的，运费请自理。  ②收货后务必拍连贯开箱视频，否则不处理。  ③售出后不退不换，不...,55.0,广东,0,https://www.goofish.com/item?id=939149534063&categoryId=201559511
乐蒂宝贝太空舱pro官配版安全座椅，京东旗舰店买的，春芽绿色 ，0-12岁全年龄段适用。带i-size认证，抗菌防螨，360度旋转设计，BFI动态侧防撞系统，减震防护U型头枕。超高速碰撞测试通过，C型新生舒压舱。很少用，几乎全新，物品较大，仅限自提，不退不换。,700.0,广东,3,https://www.goofish.com/item?id=954578543530&categoryId=126864817
春芽绿豪华款coolbaby折叠婴儿床，带置物篮+固定带+摇 摆杆+玩具架+蚊帐，整装框架结构，适合0-3岁宝宝使用。全新未拆封，送礼自用都可以，喜欢的宝妈赶紧下手，价格可聊～,228.0,浙江,0,https://www.goofish.com/item?id=937133567362&categoryId=126866728
coolbaby折叠婴儿床，春芽绿升级款，带床垫、置物篮、固 定带、玩具架、摇摆杆，配件齐全。可移动便携，带滑轮设计，适合新生儿使用。收纳方便，适合宝妈带娃出门。买回来未使用过，配了配套的7cm椰棕乳胶床垫，一起出。仅自提，也方便看货,600.0,江苏,0,https://www.goofish.com/item?id=965556559682&categoryId=126866728
"视觉系乐队 THE ZAA ZAA 春芽 过去 免日本代购费 ——以下为煤炉原商品信息的中文翻译，供参考——【商品描述】こちらV系バンドザアザア 春芽さん チェキ4枚セットになります4枚の内、2枚が直筆サイン入りになります最近はサイン入りチェキをあまり見ないのでレアかもしれないです…! 入手后立即放入了保护套。 现在存放在暗处。大きな傷や汚れは見られませんが素人検品になりますのでご了承くださいませ(  . .)""我们不考虑单独销售。即購入OKですが、購入後取引メッセージにて挨拶頂けますと幸いです!ご質問などございましたらお気軽にお声掛け下さい( .ˬ.)""类型···国内艺术家 国内艺术家···ザアザア物品种类···拍立得————————————————【商品信息】预计日本岛内发货天数：1 ~ 2 天——————————————————宝子们下单前请看这里↓↓↓——【重要规则】（下单即视为同意以下规则）：1.本店商品均为日本mercari平台出售的二手商品，代购成功后不可退款。2.商品标价【不包含税费和运费】，需另行补款。（详细请咨询客服）【购买流程】您下单支付商品费用→我家日本代购→煤炉卖家发货→宝贝到我家日本仓→您支付税费运费→宝贝日本直邮到您家【运费及关税说明】1.支持中通、顺丰、EMS，详细查看下方运费表。2.EMS税费自理，海关抽检。3.中通、顺丰：本店代缴税（税金不到50元免税，详细税率咨询客服）。【退换货规则】参考下方详情图整套流程完善，宝子们可以放心来找我切煤啦～————————————————【我家优势】1.日本煤炉Mercari平台官方合作2.6000㎡日本仓库，百人仓管高效发货3.新店期间代购费全免4.1V1客服每天10:00-24:00在线守候感兴趣点击右下角【聊一聊】❗",175.0,北京,0,https://www.goofish.com/item?id=966207950640&categoryId=126860293
coolbaby婴儿床，春芽绿色基础款，110*65cm。 【品牌】：COOL KIDS【尺寸】：110cm*65cm【配件】：置物篮+折叠床垫+固定带+外带袋一次没睡过，几乎全新，只用来放了点小被子。适合0-3岁宝宝使用，可折叠可移动，方便实用。同城自提优先，外地可聊运费。喜欢的朋友欢迎私聊～,299.0,浙江,0,https://www.goofish.com/item?id=965366269882&categoryId=126866728
乐蒂宝贝太空舱pro儿童安全座椅，春芽绿色，0-12岁全年龄 段适用。I-Size认证，360度旋转设计，带Dn螺旋抗震头枕和BFI动态侧防撞，抗菌防螨材质，一键全档位旋转，U型挡板设计。全新正品，支持验货，同城自提不邮寄，欢迎咨询。只使用过几次就闲置了，闲置久了有些脏了  可以拆洗。,504.0,上海,0,https://www.goofish.com/item?id=944853624365&categoryId=126864817
烘干春芽木，香春木板材，板材定制，厚度宽度都可以自己定，都是 烘干料，解完可以直接用。 可代加工各种产品代加工成椅子 桌子 凳子  可作干泡台、茶桌面、摄影背景板、置物隔板、花架、墙上悬挂装饰等等  可切割、打眼、制作各种繁琐加工  宝贝运费沟通、售前多沟通，售后不退不换,100.0,山东,7,https://www.goofish.com/item?id=947536261609&categoryId=126858082
【新春价】ledibaby乐蒂宝贝儿童三轮车脚踏… 感兴趣的话点“我想要”和我私聊吧～九九新,99.0,江苏,0,https://www.goofish.com/item?id=806349917914&categoryId=126862819
乐蒂宝贝太空舱Pro安全座椅，春芽绿色，几乎全新。0-12岁 全年龄段适用，带I-Size接口，抗菌防螨认证。  360度旋转设计，单手一键操作，超高速碰撞测试通过，BFI动态侧防撞，减震防护U型头枕，C型新生舒压舱。  适合0个月-12岁宝宝使用，配置齐全，喜欢的可以私聊。,889.0,山东,0,https://www.goofish.com/item?id=944207449323&categoryId=126864817
全新正品乐蒂宝贝婴儿童安全座椅0-4-12岁汽车用宝宝坐椅车 载可坐可躺 太空舱Pro+官配版  颜色：春芽绿、月影灰 全新仅拆箱，配件齐全，还在保。 全新未拆的1499。 标价就是，可直接拍，不议价。 非偏远地区包邮，非质量问题不退不换。,1299.0,广东,6,https://www.goofish.com/item?id=946175659923&categoryId=126864817
coolbaby婴儿床多功能拼接床，春芽绿豪华款，几乎全新。 可折叠设计，一侧可以放下与床拼接，无任何脏污。赠送床铃、固定带、床板蚊帐，都是全新的未使用。 仅限同城自提，价格可以商量。,288.0,安徽,679,https://www.goofish.com/item?id=936697091232&categoryId=126866728
非遗手作·东方童趣礼盒 一针一线，绣出千年童真**   产品亮点： ▫️ 非遗刺绣工艺：深色鞋面绽放绿粉蓝渐变花卉，立体绒毛流苏轻晃如春芽，每一针都藏着手艺人的温度； ▫️ 萌虎守护系列：蓝底虎头鞋萌趣可爱，金线勾勒虎睛炯炯有神，毛发装饰栩栩如生，愿宝贝如小虎般...,50.0,河北,130,https://www.goofish.com/item?id=906607019137&categoryId=126862691
乐蒂宝贝太空舱pro安全座椅，春芽绿色，八五新。适合0-6岁 宝宝使用，360度旋转带BFI防撞系统，安全有保障。  座椅前不久刚清洗过，外观干净整洁。配件缺少内垫，可以自己网购通用的就行。  吴江汽车站附近自提更方便，同城自提价格不刀，喜欢的宝妈欢迎私聊看实物。功能完好，表面无明显瑕疵。,699.0,江苏,0,https://www.goofish.com/item?id=925066596736&categoryId=126864817
Ledibaby乐蒂宝贝儿童三轮车，春芽绿色，带推杆，适合宝 宝学步用 九新 基本没用过 落灰了 轮子基本没什么磨损 印象城周边可送或自提,131.02,浙江,0,https://www.goofish.com/item?id=924223768953&categoryId=126862819
全新未拆[钉子]ledibaby乐蒂宝贝婴儿童安全座椅0-4 -12岁汽车用宝宝坐椅车载可坐可躺 太空舱Pro+官配版[火]安装超简单，ISOFIX硬接口+支撑腿，手残党妈妈也能10秒搞定！[hot]从新生儿用到12岁！性价比炸裂，可调节头枕+5档靠背+加宽座椅，宝宝长高也不用换！算下来每天不到1块钱，比频繁换座椅省心又省钱～[蓝圆][蓝圆]颜值即正义！高级感拉满！颜色春芽绿月影灰都有库存.通风款价格加450官仓发货，标价为99新产品（客户退货无质量问题）[灯泡][灯泡]全新未拆产品私聊～有乐蒂团购政策，价格不贵[号外]直接拍默认发99新产品，无瑕疵无质量问题，产品发出后非质量问题不接受退货。,1100.0,江西,0,https://www.goofish.com/item?id=946171963128&categoryId=126864817
coolbaby折叠婴儿床，春芽绿旗舰款plus，带床垫、置 物篮、尿布台、玩具架、蚊帐、固定带、摇摆杆。整装到家就能用，框架结构安全放心，带滑轮方便移动。全新未使用，宝宝不爱自己睡了所以出。同城自提，外地不包邮。喜欢的宝妈欢迎私聊～,380.0,广东,0,https://www.goofish.com/item?id=963006170179&categoryId=126866728
coolbaby婴儿折叠床春芽绿升级款PLUS 全新便携式婴儿床，带轮子方便移动 配备二层床垫+床架，外带袋收纳方便 送摇摆杆、玩具架、置物篮、固定带、专用蚊帐 多功能设计，适合新生儿使用 尺寸合适，安全稳固，外出旅行必备,298.0,湖南,0,https://www.goofish.com/item?id=959757732711&categoryId=126866728
春芽绿豪华款plus婴儿床，带轮子方便移动，送折叠床垫、外带 袋、置物篮、玩具架、尿布台、固定带、摇摆杆，适合新生儿使用。床面宽敞，四周防护栏设计安全，可拼接大床，收纳整理超方便。喜欢的宝妈可以私聊看实物视频，价格可小刀~,214.18,广东,0,https://www.goofish.com/item?id=939536047471&categoryId=126866728
Ledibaby乐蒂宝贝四合一儿童三轮车，春芽绿色，带推杆款 ，23年买的，只推过两次～可变平衡车，推杆和脚蹬都能拆下来，适合1-6岁宝宝用，男宝女宝都合适。特别轻巧，零件都齐全，成色很新。同城自提，异地可发货，价格可聊～,83.0,河南,0,https://www.goofish.com/item?id=773888380695&categoryId=126862819
乐蒂宝贝太空舱pro+儿童安全座椅，春芽绿配色，很清新，0- 12岁全年龄段适用。几乎全新，去年买的，买来没用几次，宝宝很少坐车出门。平常喜欢抱着  性价比很高，孕期做过很多功课买的 【年龄】适用0-12岁宝宝 【认证】蕞新欧标i-Size黄金认证，150cm全阶段认证 【侧防】专利级BFI Auto...,1000.0,四川,0,https://www.goofish.com/item?id=938779647182&categoryId=126864817
ledibaby乐蒂宝贝婴儿童安全座椅0-4-12岁汽车用宝 宝坐椅车载可坐可躺 太空舱Pro+官配版  颜色春芽绿   颜色月影灰 两款颜色  全新仅拆箱，配件齐全，还有质保 直拍价1299 全新未拆箱1499，联系客服改价,1299.0,江西,0,https://www.goofish.com/item?id=947238381690&categoryId=126864817
coolbaby折叠婴儿床，新生儿可移动拼接大床，带摇篮功能 ，便携好用。灰色搭配米白边框，整装免安装，带安全防护栏。适合0-3岁宝宝使用，框架结构稳固，外出便携。同城自提优先，异地可发货，价格可聊，欢迎宝妈私聊。,136.37,山东,0,https://www.goofish.com/item?id=962620751722&categoryId=126866728
Coolbaby折叠婴儿床，春芽绿色，带滚轮设计，方便移动。 尺寸110×65cm，带置物篮和玩具架，适合0-3岁宝宝使用。可折叠收纳不占地方，带蚊帐，适合家庭或外出携带。宝宝会翻身就闲置了，几乎全新。同城自提。,100.0,宁夏,768,https://www.goofish.com/item?id=935556881299&categoryId=126866728
乐蒂宝贝三轮车，春芽绿色，基本没骑过，适合2-6岁宝宝玩。可 以变平衡车、滑步车、三轮车三种玩法，零件配件都齐全，男女宝宝都能玩。浦口或者江宁牛首山附近可自提，价格50元，同城自提更方便，喜欢的宝妈可以来看看。,50.0,江苏,0,https://www.goofish.com/item?id=937596846026&categoryId=126862819
【芽芽宝贝】泳衣，上衣，裙子～ 大多穿过1次，9成新左右。,40.0,广东,1,https://www.goofish.com/item?id=818134022035&categoryId=126866531
转让几乎全新 Coolbaby婴儿床 状态： 全新购入，仅使用过几次，近全新。原包装和说明书都在。特点： 多功能设计，一键折叠方便收纳，七点支撑非常稳固，根据婴儿月龄分两层使用，围栏高度可以调节，可以拼接大床使用，带两个轮子可移动设计，功能强大实用。参考原价： Coolbaby 官方旗舰店官网原价 799元。详情可直接淘宝搜coolbaby。可选配件： 加 100元 即可获得配套 高品质乳胶床垫（见图五、六）。二手商品不退不换coolbaby婴儿折叠床春芽绿升级plus款，带床垫+摇摆杆+玩具架，整装框架结构，适合新生儿使用，可移动便携，拼接大床很方便，多功能摇篮宝宝床，带置物篮和固定带，收纳方便，自提优先，价格可聊，喜欢的宝妈欢迎私聊。,166.0,浙江,0,https://www.goofish.com/item?id=963332221646&categoryId=126866728
乐蒂宝贝太空舱p ro儿童安全座椅，春芽绿色，0-12岁适用 。轻微使用痕迹，整体成色很好。通过i-size认证，四重抗震头枕，安全有保障。同城自提，外地可发快递，价格可小刀，欢迎咨询。,809.0,湖北,0,https://www.goofish.com/item?id=940257082980&categoryId=126864817
自用ledibaby乐蒂宝贝太空舱Pro儿童安全座椅，春芽绿 色，几乎全新。适合0-12岁，全年龄段I-SIZE认证，360°旋转设计，抗菌防螨。原价不菲，现在优惠出手。需要的朋友可以联系我哦！,800.0,浙江,0,https://www.goofish.com/item?id=921318094798&categoryId=126864817
Ledibaby乐蒂宝贝儿童三轮车，春芽绿色，可以变平衡车、 滑步车、三轮车三种玩法，零件配件都齐全，有一个脚踏弄丢了，可配，适合2-6岁宝宝玩。车身有轻微使用痕迹，整体成色很好，男女宝宝都能玩。同城自提更方便，价格可聊，喜欢的宝妈欢迎私聊看实物。,80.0,江西,0,https://www.goofish.com/item?id=946646015165&categoryId=126862819
coolbaby折叠婴儿床春芽绿豪华款plus，带床垫、置物 篮、玩具架、尿布台、蚊帐、摇摆杆，整装到家就能用！框架结构安全放心，带滑轮方便移动，宝宝不爱自己睡了要和大人睡大床，只用了几个月，所以出，适合新生儿使用，可移动拼接大床，便携式多功能摇篮宝宝床，清新的春芽绿配色，视频就是实际的样子，还挺新的...,238.56,贵州,0,https://www.goofish.com/item?id=958273201063&categoryId=126866728
ledibaby乐蒂宝贝婴儿童安全座椅0-4-12岁汽车用宝 宝坐椅车载可坐可躺 太空舱Pro+官配版【春芽绿】 京东18号半价代拍 代抢代拍 欢迎前来咨询,50.0,上海,99,https://www.goofish.com/item?id=913300116947&categoryId=126864817
春芽绿Ledibaby儿童三轮车，四合一带推杆，超实用遛娃神 器！可变平衡车，适合1-4岁宝宝，孩子长大了，用不上了，零件齐全，八成新，100元，同城自提,100.0,河南,0,https://www.goofish.com/item?id=939206195473&categoryId=126862819
太空舱PRO儿童安全座椅春芽绿，0-12岁全阶段适用 注意⚠️是pro，不是pro+！ 九八成新，23年7月买的，有购买记录。到现在使用频率不多，现在娃大了不肯坐安全椅，加上我们的车后排空间比较狭小，放上去后其他座位的空间更小了。 因为用过，所以旁边有点脏，拿回去自己洗洗哈，还是可以用的，介...,780.0,广东,0,https://www.goofish.com/item?id=955339726829&categoryId=126864817
【狂欢价】coolbaby折叠婴儿床，春芽绿升级款，带床+折 叠床垫+置物篮+摇摆杆+玩具架，全套配件齐全。几乎全新，宝宝一次没睡过就放着。整装设计，便于收纳和携带，特别适合有需要的宝妈们。原价近1000，现在低价转让，仅售【狂欢价】。可自取，需要邮寄的话不包邮。售出不退换，有意者请联系。,200.0,广东,0,https://www.goofish.com/item?id=920553381192&categoryId=126866728
比较脏了，主要自己带回去清洗，尽香洲总站自提 感兴趣的话点“我想要”和我私聊吧～,50.0,广东,0,https://www.goofish.com/item?id=925879077126&categoryId=126866728
乐蒂宝贝太空舱Pro儿童座椅，春芽绿色，I-SIZE认证，抗 菌防螨，900转，支持专柜验货，同城自提优先 同城可送，可轻微降价 谢谢,729.0,辽宁,0,https://www.goofish.com/item?id=963290168160&categoryId=126864817
Ledibaby乐蒂宝贝儿童三轮车，春芽绿色，四合一功能设计 ～  可变平衡车、滑步车、三轮车，适合1-5岁宝宝骑。车身轻便安全稳固，蓝色配色超可爱。带推杆，遛娃、亲子游玩都很方便。  零件齐全，轻微使用痕迹。同城自提，不退不换。喜欢的宝妈可以私聊我看更多实拍图～,60.0,黑龙江,0,https://www.goofish.com/item?id=932278617766&categoryId=126864854
乐蒂宝贝太空舱pro安全座椅，春芽绿色，0-12岁全年龄段适 用，360度旋转，带BFI防撞系统，抗菌防螨面料，带凉席，没有怎么用一直放哪儿，很少开车，99新，原价1898，现低价出，可自提，不包邮。自提成都市龙泉驿区,900.0,四川,0,https://www.goofish.com/item?id=958293469938&categoryId=126864817
乐蒂宝贝太空舱Pro儿童安全座椅 春芽绿色 0-12岁全年龄 段适用  带360度旋转功能，一键操作很方便。配备D型螺旋抗震头枕和BFI防撞系统，安全性高。I-SIZE认证，抗菌防螨，仿龟壳设计舒适度好。  同城自提优先，外地可发快递，价格可聊～,884.0,吉林,0,https://www.goofish.com/item?id=960790227453&categoryId=126864817
全新乐蒂宝贝儿童三轮车脚踏车遛娃多功能自行车宝宝平衡车 1-3-6岁可推可骑多功能四合一宝宝平衡 云朵蓝四合一（有推杆不可控向，可以拆卸）颜色可选：春芽绿、云朵蓝全新原箱发货。拍下无质量问题不退不换，,128.0,浙江,0,https://www.goofish.com/item?id=905109527538&categoryId=126862819
https://3.cn/2d-xd63f「ledibaby 乐蒂宝贝婴儿童安全座椅0-4-12岁汽车用宝宝坐椅车载可坐可躺 太空舱Pro+官配版【春芽绿】」 京东半价活动，代抢代拍。 不中给您全额退款  让您无后顾之忧,50.0,上海,99,https://www.goofish.com/item?id=900859852202&categoryId=126864817
自用ledibaby乐蒂宝贝太空舱Pro儿童安全座椅，春芽绿 色 明显使用痕迹。23年6月购入 适合0-12岁，全年龄段I-SIZE认证，360°旋转设计 用的不太多 很干净 有黄色婴儿垫 遮阳棚可以转向 4档调节  南京浦口自提,850.0,江苏,1459,https://www.goofish.com/item?id=950127756279&categoryId=126864817
乐蒂宝贝太空舱Pro+儿童安全座椅，春芽绿色，0-12岁可用 。通过ADAC严苛测试，获1.25分高分。采用BFI动态侧防，双层PP壳体，13重抗震防护。智能通风加热，360度旋转，带遮阳棚。全新正品，支持验货，价格可聊。同城自提，异地可发顺丰。,720.0,陕西,0,https://www.goofish.com/item?id=951018917851&categoryId=126864817
Ledibaby乐蒂宝贝儿童三轮车，九成新，春芽绿色，高碳钢 一体车身，承重30kg，适合1-5岁宝宝。四合一功能设计，可变平衡车、滑步车、三轮车、推车，低重心金字塔结构更稳固。建议身高80-110cm，全新带包装，价格可聊，同城自提优先。,120.0,四川,0,https://www.goofish.com/item?id=956185352118&categoryId=126862819
ledibaby乐蒂宝贝儿童安全座椅汽车用0-12岁婴儿车载 360°旋转,1000.0,湖北,0,https://www.goofish.com/item?id=801023659690&categoryId=126864817
太空舱PRO儿童安全座椅 春芽绿色 0-12岁全阶段适用 全新未拆封，带防震头枕，360度旋转，BFI动态侧防撞，U型挡板设计，仿龟壳形舒压舱 I-Size认证，OEKO-TEX认证，抗菌防螨，适合0-12岁宝宝使用 二手闲置不退不换，介意勿拍,630.0,浙江,0,https://www.goofish.com/item?id=950169847219&categoryId=126864817
乐蒂宝贝太空舱Pro儿童安全座椅，春芽绿色，0-12岁全年龄 段适用。带360度旋转功能，一键操作很方便。配备D型螺旋抗震头枕和BFI防撞系统，安全性高。I-SIZE认证，抗菌防螨，仿龟壳设计舒适度好。同城自提 感兴趣的话点“我想要”和我私聊吧～,639.0,安徽,0,https://www.goofish.com/item?id=950516648061&categoryId=126864817
Ledibaby 乐蒂宝贝 宝宝四合一车 三轮车 滑步车 平 衡车 手推车 静音轮 带可调节推杆 春芽绿色 朋友送的，最开始娃够不到脚蹬，后面家里车越来越多这个也没骑几次，除轮子有轻微使用痕迹外其他没有瑕疵、破损、脏污，已安好，随时可拆，拆卸超级方便，没有原包装 颜色很清新，质量和手感都很好，推杆有三...,70.0,山东,0,https://www.goofish.com/item?id=873672654088&categoryId=126862819
coolbaby折叠婴儿床，新生儿可移动拼接大床，多功能带摇 篮便携宝宝床。宝宝用过几次就闲置了，带床垫，框架结构整装设计，方便实用。适合0-3岁宝宝使用，可移动拼接，外出便携。同城自提优先，外地可发货，价格可聊。,248.0,湖南,0,https://www.goofish.com/item?id=964641585966&categoryId=126866728
春芽木，香春木板材，板材定制，厚度宽度都可以自己定，都是老料 ，解完可以直接用。 可代加工各种产品代加工成椅子 桌子 凳子  可作干泡台、茶桌面、摄影背景板、置物隔板、花架、墙上悬挂装饰等等  可切割、打眼、制作各种繁琐加工  宝贝运费沟通、售前多沟通，售后不退不换,100.0,山东,8,https://www.goofish.com/item?id=936189108569&categoryId=126858082
千百度白茶，云南大叶种晒青毛茶精制而成，一饼100克。干茶条 索紧结，汤色金黄透亮，茶汤入口醇厚，回甘生津持久，滋味甘甜。适合爱茶人士品饮，品质保证。实物拍摄，成色如图所示。免费送2饼，每人仅限1单，只为让茶友们喝到真正纯粹的好茶，体验一下口感，保证喜欢喝白茶的朋友会一口成瘾！自从2024年茶叶市场遇冷，行情一天比一天萧条，我们家这传承了几代人的茶厂，是真的快撑不住了。 眼下实在没别的办法，我们决定拿出一批2016年的老白茶免费送给大家。这可是我们压箱底的宝贝，当年采下的春芽经日晒萎凋、自然陈化，在陶缸里存了整整八年，茶汤早就养得温润甘醇，带着老茶特有的药香与蜜韵，每一口都是时光和手艺熬出的滋味。 只盼着爱喝茶的朋友能尝一尝，若是觉得合口味，愿意帮忙多提一句、多推荐给身边人，那对我们来说就是天大的支撑了。不为别的，就想守住祖辈留下的这方茶园，这口炒茶锅，让老手艺能熬过这个冬天。,2.0,云南,38,https://www.goofish.com/item?id=965436889091&categoryId=201459411
婴儿床200（赠送床笠，隔尿垫两条） 新思威尔床垫+300  江阴自提，顺路可送，大刀勿扰,200.0,江苏,0,https://www.goofish.com/item?id=926139664986&categoryId=126866728
ledibaby全新自行车，娃挺喜欢骑的，成色新，没去过脏的 地方 感兴趣的话点“我想要”和我私聊吧～送旁边滑板车,60.0,江苏,0,https://www.goofish.com/item?id=845197802339&categoryId=126862819
[超便宜]老爸测评力推款！！全网宝妈博主种草的爆款安全座椅！ ！【工厂直发】【正品同款】 型号：Ledibaby乐蒂宝贝太空舱pro+ 颜色：春芽绿/月影灰 【使用年龄】0-12岁便用/0-36kg 【资质认证】3C、isize认证（E4荷兰）、ADAC測试（Q3 前向1.36分AQ1后向1.25分）...,1346.8,福建,1998,https://www.goofish.com/item?id=952674010851&categoryId=126864817
ledibaby乐蒂宝贝儿童三轮车脚踏车遛娃多功能 就家里起骑了两次 带推杆四合一 几乎全新，配件都在，无磨损,90.0,江苏,0,https://www.goofish.com/item?id=853780421431&categoryId=126862819
乐蒂宝贝太空舱Pro安全座椅，春芽绿色，24年7月京东旗舰店 购入，只试过一次，几乎全新。适合0-12岁宝宝，165度大躺角，360度旋转，BFI侧防系统，颜值高实用性强。注意：不带通风，原包装盒丢失，介意勿拍。仅限自提，不议价，售出不退不换。,900.0,浙江,0,https://www.goofish.com/item?id=838082524237&categoryId=126864817
TAO 23春夏新款女童印花套装 黄色小房子图案 长袖衬衫+长裤，休闲百搭的款式，印花清新可爱。适合夏季节穿着，非全新，尺码6Y,100.0,吉林,0,https://www.goofish.com/item?id=928741463705&categoryId=126918163
coolbaby婴儿床 春芽绿色 单杆基础版 可折叠收纳～ 床面尺寸110×65×78cm，带蚊帐玩具架，床垫可拆洗，底部带滑轮移动方便。总共睡了两三次，基本属于全新。整体成色不错。仅限同城自提，价格可聊～,110.0,四川,0,https://www.goofish.com/item?id=942995956424&categoryId=126866728
coolbaby婴儿床 春芽绿基础款 折叠便携 带轮设计 方 便移动 尺寸110×65cm 底部有使用痕迹 但不影响使用 整体干净整洁 同城自提 价格可小刀 喜欢的宝妈欢迎私聊,150.0,安徽,0,https://www.goofish.com/item?id=949651455622&categoryId=126866728
乐蒂宝贝太空舱Pro儿童安全座椅，灰色款，0-12岁全年龄段 适用，带360度旋转功能。I-SIZE认证，抗菌防螨，配备D型螺旋抗震头枕和BFI防撞系统，安全性高。同城自提,230.0,广东,0,https://www.goofish.com/item?id=937356564955&categoryId=126864817
coolbaby婴儿床可折叠便携式游戏床，春芽绿升级款C，带 二层床+床架+置物篮。整装设计，稳固耐用，适合0-3岁宝宝使用。 配件齐全：椰棕床垫、二层床+床架、外带袋、玩具架、置物篮、固定带、蚊帐。 便携式设计，方便外出携带。框架结构，稳固安全。 温馨提示：特殊商品售出不退不换，介意勿拍。,300.0,广东,0,https://www.goofish.com/item?id=935481566314&categoryId=126866728
乐蒂宝贝太空舱Pro安全座椅，春芽绿色，0-12岁全年龄段适 用；  360度旋转功能，一键操作很方便，带D型螺旋抗震头枕和BFI防撞系统，安全性高；  抗菌防螨面料，通风透气，舒适度好；  只安装过一次，宝贝用过一次就不用了，几乎全新；,1200.0,四川,1798,https://www.goofish.com/item?id=940202974064&categoryId=126864817
ledibaby乐蒂宝贝婴儿童安全座椅0-4-12岁汽车用宝 宝坐椅车载可坐可躺 太空舱Pro【春芽绿】 全新 自取   太空舱pro全新升级#E-s07 【年龄】适用0-12岁宝宝 【认证】蕞新欧标i-Size黄金认证，150cm全阶段认证 【侧防】专利级BFI Auto防撞动态圈层系统设计，U型桶...,1179.0,山西,0,https://www.goofish.com/item?id=901119691665&categoryId=126864817
ledibaby乐蒂宝贝，颜色特别好看，炸街色，儿童三轮车， 三轮自行车，平衡车脚踏车1-3-6岁，可推可骑，多功能四合一，宝宝平衡车 春芽绿（带推杆款）带小框，95新，买了几乎没怎么骑直接骑自行车了,90.0,山东,0,https://www.goofish.com/item?id=825871116541&categoryId=126862819
乐蒂宝贝太空舱pro+儿童安全座椅，春芽绿色，0-12岁全年 龄段适用！I-Size认证，360度旋转设计，带Dn螺旋抗震头枕和BFI动态侧防撞，抗菌防螨材质，一键全档位旋转，U型挡板设计。全新正品，支持验货，同城自提优惠，欢迎咨询！,478.14,广东,0,https://www.goofish.com/item?id=943625808978&categoryId=126864817
ledibaby乐蒂宝贝婴儿童安全座椅0-4-12岁汽车用宝 宝坐椅车载可坐可躺+太空舱Pro【春芽绿】全龄i-size 春芽绿色，颜值很高，舒适大躺角，适合长途旅行。BFI动态侧防系统和360度旋转功能非常实用。非常棒   注意：不带通风，全新原包装都在。售出后不退不换哦～  品牌:Ledibaby...,792.0,浙江,0,https://www.goofish.com/item?id=861705786310&categoryId=126864817
出99新的，几乎没咋做乐蒂宝贝（Ledibaby）儿童安全座 椅0-4-12岁汽车用婴儿坐椅车载宝宝可坐可躺 太空舱Pro【春芽绿】（惠济区仅自提）（如果要邮寄运费自理，比较重）,800.0,河南,0,https://www.goofish.com/item?id=910559960411&categoryId=126864817
Ledibaby乐蒂宝贝太空舱pro儿童安全座椅，春芽绿颜色 很好看，带遮阳棚防侧撞，有新生儿坐垫和凉席，适合0-12岁，几乎全新，360°旋转设计，方便又实用。自提或同城配送，地址在杭州市萧山区城厢街道华瑞湘湖美地。有兴趣的朋友欢迎联系！,882.0,浙江,0,https://www.goofish.com/item?id=883734216196&categoryId=126864817
ledibaby乐蒂宝贝婴儿童安全座椅0-4-12岁汽车用宝 宝坐椅车载可坐可躺 新品太空舱Pro+【春芽绿￼￼ 长期没用，放在后备箱，有点脏，介意不要拍 仅自提,800.0,湖南,8,https://www.goofish.com/item?id=844129693162&categoryId=126864817
【春芽绿豪华款】【coolbaby折叠婴儿床】 篮、固定带、摇摆杆、玩具架、蚊帐一应俱全。框架结构整装，金属材质，尺寸未知。宝宝用过几次，有轻微使用痕迹。适合0-3岁宝宝使用，方便又实用。  感兴趣的话点“我想要”和我私聊吧～,266.0,广东,0,https://www.goofish.com/item?id=927060112838&categoryId=126866728
乐蒂宝贝三轮车，四合一多功能，适合1-5岁宝宝。颜色是春芽绿 ，配有推杆。车子9成新。我家宝宝不爱玩，所以低价转让。需要的朋友可以自提，国兴或西海岸均可。  【品牌】LUDDY/乐的 【成色】几乎全新 【适用年龄】1-5岁 【款式】四合一 【位置】仅限自提  有兴趣的朋友欢迎联系！,120.0,海南,0,https://www.goofish.com/item?id=889123497567&categoryId=126916173
乐蒂儿童安全座椅，太空舱pro （颜色：春芽绿） 三亚地区可自提！,899.0,海南,0,https://www.goofish.com/item?id=963634474274&categoryId=126864817
ledibaby乐蒂宝贝儿童安全座椅汽车用0-12岁婴儿车载 360°旋转,700.0,广东,0,https://www.goofish.com/item?id=899640104998&categoryId=126864817
99新coolbaby春芽绿婴儿床，基础款带全套配件。可折叠 便携，带护栏可拼接大床，送二层床+床架+置物篮+固定带+外带袋。宝宝大了用不上，整装框架结构，收纳方便。同城自提优先。,197.92,四川,0,https://www.goofish.com/item?id=929881376655&categoryId=126866728
ledibaby乐蒂宝贝儿童安全座椅汽车用0-12岁婴儿车载 360°旋转 颜色分类: 太空舱Pro【春芽绿】（全年龄段I-SIZE认证，抗菌防螨） 宝宝汽车安全座椅，可360度旋转，全龄系列，isize认证，动态侧防。孩子不爱坐，9成新，现在闲置中，低价转让。随缘出、大兴旧宫镇，仅自提,600.0,北京,0,https://www.goofish.com/item?id=955154855367&categoryId=126864817
ledibaby乐蒂宝贝婴儿童安全座椅0-4-12岁汽车用3 60旋转宝宝坐椅车载 太空舱Pro【春芽绿】全龄i-size车太小，而且有人不远行，宝宝也不喜欢坐安全座椅，专卖，有需要自提吧！,850.0,上海,0,https://www.goofish.com/item?id=965383079148&categoryId=126864817
出两张九九新的双胞胎婴儿床（长期放娘家所以没咋用），颜色好看 ，可折叠，有收纳袋，床铺下方可储物，虽婴儿床有匹配的床垫，但为了宝贝们的舒适度，我额外再赠送一张价值150元的椰棕床垫（如图8）可用四季，婴儿床一侧的床围栏可根据家长需要调整高度（如图六），还可以把床垫放低，调整为活动床（如图七），诚意卖，喜欢的可以联系我哦，只接受同城自提哦，等待有缘人！（最好是同样双胞胎宝宝的家庭哦 两张床都是这个蓝绿色的 因为晚上拍照 灯光原因 实物会比照片更艳丽一些 没有照片里这么暗 可淘宝自搜一下 查看详情 ）[灯泡]如果您也是在寻找双胞胎可用的婴儿床 以过来人的经验告诉你 一定不要买木质的 因为木质的一定不能折叠（只能拆卸）很占空间 还有一定不要考虑买一张能让双胞胎一起共用的宝宝床 因为 多数小宝宝都会频繁夜醒 双胞胎之间也会互相干扰 间接影响大人休息 买两张床 能拉开宝宝们之间的距离 减少互相影响的情况发生 宝宝睡的安稳 大人才能安心 才能更好的带娃[送花][灯泡]而且买这些宝宝刚需物品一定不要图便宜 平台上过于便宜出的二手物品一定是存在一些瑕疵的 虽然我家卖的闲置价位可能达不到您的预期价位 但一分钱一分货 实实在在做人 实实在在交易 都有正规渠道的购买记录 不是二手再二手那种 质量是绝对在线的[送花],150.0,天津,0,https://www.goofish.com/item?id=874075123951&categoryId=126866728
ledibaby乐蒂宝贝儿童安全座椅汽车用0-12岁婴儿车载 360°旋转  全新只安装 还没有坐过 建议自提 自提可便宜出售,1200.0,浙江,0,https://www.goofish.com/item?id=748692285724&categoryId=126864817
coolbaby折叠婴儿床 春芽绿基础款 带二层床+床架+置 物篮+固定带+外带袋 整装框架结构 适合0-3岁宝宝使用 可折叠便携 外出带着很方便 同城自提 价格可聊 喜欢的宝妈欢迎私聊,200.0,浙江,0,https://www.goofish.com/item?id=944089864710&categoryId=126866728
【新品】ledibaby乐蒂宝贝太空舱pro+儿童安全座椅乐 蒂宝贝pro+智能款安全座椅乐蒂宝贝pro+官配儿童安全座椅汽车用0-4-12岁  颜色：春芽绿 月影灰 配置：官配 智能（多了通风加热功能）  产品介绍： 1. 3c isize认证，ADAC测试标准 2. 抗菌防螨面料，可拆卸遮阳篷 3...,958.0,浙江,2098,https://www.goofish.com/item?id=868056083077&categoryId=126864817
